101 70
85 66 64 16 62 65 17 37 8 30 73 84 97 25 67 74 26 40 92 32 21 54 75 90 81 89 5 56 28 44 80 76 20 87 77 33 68 24 96 86 78 43 42 36 88 58 61 3 22 95 69 2 98 63 48 50 47 94 59 13 57 51 15 60 6 70 10 27 34 93 
0 0
-309 620
354 -774
-499 864
-446 -663
267 -648
-952 812
-402 -622
78 78
139 626
-330 80
-774 977
-804 -619
-157 -647
-775 -634
-61 -608
443 386
-678 379
-899 74
231 992
28 852
-285 864
186 64
951 991
61 -43
-636 -486
704 298
-593 154
870 -588
-972 -376
20 -271
-963 384
81 -334
485 -361
357 79
675 -624
461 -492
-735 -698
287 -222
793 -661
-303 927
230 800
513 -796
-828 -19
485 606
-753 -796
-630 -811
742 -875
-748 -365
-172 572
136 547
-807 -543
513 360
517 593
-491 -522
774 -894
-698 507
764 -423
811 610
-550 -223
-468 199
85 -57
565 -850
-326 645
-563 -852
-853 -446
889 1000
570 875
-342 -893
-773 -758
244 -481
756 -551
-750 84
22 -732
-290 174
609 -87
-598 212
-169 845
478 -361
587 -566
1 715
-863 872
76 -520
-814 860
35 -829
512 -186
-413 -217
159 -943
765 105
-262 -837
258 -747
986 -730
-181 808
-661 -386
674 132
-896 602
-103 -79
642 149
33 -640
259 938
230 -832
