61 24
16 22 32 9 4 60 13 49 18 50 12 6 17 10 27 43 57 36 51 47 52 23 3 55 
0 0
-520 -148
-385 28
303 128
-420 15
-36 -236
-471 -24
-14 580
392 43
-31 -265
105 -541
-73 412
-59 423
442 -561
-578 -160
-117 -279
357 472
55 433
264 485
-298 -190
205 -568
-165 558
292 -530
154 567
96 1
542 -547
-105 -79
-553 406
-411 339
-263 542
416 -166
-306 -358
398 39
-291 -125
400 512
217 172
-258 153
588 -20
241 -179
-502 -76
-453 565
4 -367
-576 403
365 -357
577 376
-199 141
-227 -169
403 -462
-407 -414
-400 566
109 251
219 -2
168 -232
-93 -497
-583 419
-167 -51
-36 393
277 26
308 -125
451 523
162 8
