61 48
32 53 47 10 18 12 30 58 60 15 23 20 50 41 19 26 17 7 9 14 28 43 39 6 38 21 40 1 22 54 48 24 52 35 45 8 56 5 34 51 42 55 4 31 2 59 16 49 
0 0
464 356
-229 -360
448 360
587 22
592 327
-243 537
60 5
95 224
439 567
-69 576
-142 -355
-258 386
167 292
458 140
-272 -511
244 -551
-195 509
-328 435
518 -511
-214 -140
-70 148
-118 110
397 111
-452 -188
202 -581
499 -442
-409 445
511 -206
113 361
-140 202
-300 -93
-448 52
-427 -339
46 -332
-570 179
397 511
-103 -3
-281 356
143 35
58 271
-220 557
-164 -583
337 97
512 -393
-343 -339
573 150
-307 -574
339 -505
-192 404
540 13
207 -289
483 -3
522 -594
-422 356
481 147
-15 -316
151 467
-561 -329
18 446
-518 -589
