81 32
13 27 80 39 71 23 18 65 61 17 54 34 74 37 76 51 62 49 28 77 7 72 45 78 47 55 26 8 2 75 21 11 
0 0
743 78
12 -15
-143 -674
113 -561
730 432
-367 542
744 -54
-496 -261
-101 419
-710 -382
709 -453
198 725
622 612
-88 -381
-391 231
423 -13
323 -28
-765 680
-184 154
-308 -799
-573 -666
160 -98
-794 -386
-337 -225
348 -223
44 -385
270 360
-75 -231
693 418
-509 -150
-479 -670
387 -156
-501 457
-101 683
42 313
-137 231
-237 582
637 -580
542 304
478 -677
755 -28
-498 110
-338 358
-762 -20
695 799
388 388
463 -353
-67 675
-701 374
531 -444
209 -538
567 -764
-604 365
131 -57
-168 -230
-719 438
-691 -34
358 722
-176 -77
-414 -703
-318 459
-363 146
-356 -254
-349 797
-579 -227
-764 -48
-689 241
-3 -34
134 495
290 -303
381 204
75 487
-509 416
-649 -467
-100 309
467 -408
539 -263
-555 -78
-77 -639
-510 -33
