91 72
19 35 23 57 47 83 17 56 32 61 30 66 14 87 77 27 12 16 65 7 10 58 40 79 72 73 48 84 15 13 89 43 75 37 34 85 8 22 54 62 33 18 53 64 69 2 44 88 45 59 71 25 28 9 6 82 76 80 74 31 1 41 26 42 90 70 21 50 86 63 46 60 
0 0
-429 -142
637 -691
143 31
621 344
-188 400
-138 83
-698 -139
-794 -194
332 439
616 -224
24 -311
-751 366
-26 341
-576 368
-720 -286
196 -537
-272 -651
-661 -579
-59 -625
-651 859
-34 433
-323 -392
-812 159
313 573
-729 -757
822 741
118 -888
-141 -732
-37 -133
350 -45
-72 -807
-507 511
56 548
-654 -826
-383 -521
-812 -172
848 374
-195 8
705 364
535 -886
-898 573
-166 608
607 -70
-443 -346
304 742
579 -55
-685 604
-214 -220
123 -388
601 843
-779 -842
58 -312
219 188
-689 230
-591 -862
-65 181
-271 -118
375 -806
-62 -555
864 -850
-21 811
-836 -615
388 -659
-337 639
61 -74
-20 -19
-110 839
-103 -266
-189 528
-448 558
163 -386
246 116
216 -819
390 -225
739 362
822 -851
-612 -591
236 210
-598 511
-809 -38
34 -203
262 -454
850 -670
397 382
554 -661
47 267
729 -332
-223 672
401 -366
-545 -232
