71 28
15 22 38 67 11 42 13 69 25 39 27 47 19 36 68 64 28 58 10 23 65 8 46 2 44 7 31 70 
0 0
-482 411
369 -198
-76 -342
51 -368
-422 643
128 104
83 -8
128 -503
-340 -604
499 -588
-528 666
-636 477
-497 -232
-359 215
-66 -688
266 193
600 -22
-466 -468
-151 -257
455 -13
-299 -524
-178 -386
-8 -83
-307 -525
-267 -463
567 454
-211 -159
-471 625
-382 -189
-178 124
595 -361
-610 570
672 66
-439 153
-543 -504
299 -144
366 87
136 -30
-336 74
-560 343
126 173
20 203
-3 196
-478 37
-372 458
63 514
565 -270
-655 -371
-329 163
67 -444
-269 178
-560 228
454 -38
-489 -334
-586 -354
-265 97
-657 -188
501 673
-24 -356
-500 -9
631 -528
99 -570
168 -180
-126 347
673 -200
-344 -653
-660 -342
-409 -494
109 -78
514 502
