71 42
62 67 21 44 4 52 58 23 64 36 9 33 30 42 16 51 17 26 61 47 15 31 66 32 48 3 10 20 11 55 41 18 43 37 68 8 70 53 65 7 19 45 
0 0
185 -96
-361 -289
129 459
265 17
588 598
-167 486
683 89
-408 367
-225 -682
83 -3
237 -92
-548 -647
690 88
456 63
-12 -137
-443 -545
-428 174
29 141
-556 -106
569 -6
-583 143
-351 51
-380 -694
223 304
-197 -581
-549 -491
-614 -601
-292 181
-447 -654
-679 9
673 -294
386 303
-247 111
274 -596
-432 235
-637 -632
-212 -445
107 494
536 -39
503 208
7 -263
100 -660
-1 -639
63 143
-411 636
602 -602
-541 166
36 -535
686 -300
676 -615
-522 -204
-174 -485
506 595
-406 -362
245 -27
230 58
181 -316
-295 -382
610 348
-384 -629
278 523
196 121
231 304
-5 -217
-229 -70
-390 614
183 163
486 486
659 346
138 -69
