51 30
34 9 38 3 44 40 39 28 32 25 29 20 17 43 12 14 49 10 11 16 33 7 18 45 4 41 31 37 21 23 
0 0
379 124
222 66
-68 -384
159 -377
146 -243
-477 25
-67 213
406 -242
190 -479
225 -374
0 131
184 -414
-259 -325
-55 -221
256 -79
-52 -221
-494 -29
43 178
-284 202
60 7
-76 495
-366 20
219 -162
-462 251
-245 -304
-55 -32
-81 -47
164 -259
279 243
301 470
-333 -197
-68 -462
-398 337
-333 -183
-115 411
-103 180
195 -5
-490 -376
161 112
-325 -374
-448 -54
230 145
66 215
-403 -399
-409 433
48 346
299 -87
-443 -126
-269 -441
313 -201
