61 30
60 19 49 50 41 57 37 55 10 20 21 1 24 32 2 9 34 40 38 12 3 29 5 17 59 48 58 11 33 36 
0 0
241 508
-167 531
380 161
508 140
-258 294
-8 -331
-289 -599
1 366
-435 -543
4 185
104 505
-70 -426
291 289
465 511
439 -283
1 497
576 185
319 392
-410 -174
570 -126
-530 -321
50 540
363 -386
62 574
-146 256
-162 -209
417 164
-391 -58
-36 -578
-288 -11
-138 261
287 -74
-476 443
-79 135
325 579
570 -123
-375 337
86 -531
-306 63
51 -54
60 -588
143 -491
283 416
-510 174
431 -139
-393 -320
-380 -115
472 -229
-471 96
-431 -84
-432 -12
-316 167
175 567
-211 -300
-328 -210
127 -225
-295 -193
-598 43
597 -287
-119 271
