81 40
41 71 8 40 45 37 10 33 63 4 54 19 69 46 16 25 80 77 68 32 26 75 74 72 59 53 9 42 2 61 48 43 47 57 1 5 62 76 3 18 
0 0
358 734
-539 -644
-561 102
-394 349
-500 -541
75 -505
509 663
778 576
672 353
-248 -528
692 799
-215 -538
663 146
551 -636
-515 -469
-570 -292
-535 -749
616 -708
454 78
-491 -239
-217 -519
-747 -142
347 158
-125 158
757 -25
286 583
-392 365
-305 -415
-672 286
430 -45
-254 -693
-763 -52
-773 393
-160 609
62 796
571 -550
331 31
353 20
-214 508
147 221
162 -760
140 -152
-577 234
414 -240
-303 -129
208 -591
-793 577
527 723
562 762
211 268
-320 745
-568 -352
601 -508
352 -544
521 -233
99 -51
660 138
-143 -210
400 58
-252 490
20 406
-560 442
97 -1
519 71
-384 -151
-35 -435
-165 -313
260 244
697 -529
-564 -227
118 -561
401 -588
348 532
156 -587
279 -629
431 -561
795 -326
-120 -334
-697 299
191 -689
