61 36
24 34 58 38 7 59 45 21 20 10 9 8 54 49 39 53 40 5 51 1 28 14 18 44 60 29 23 41 31 33 43 12 35 3 46 11 
0 0
530 -336
-103 249
419 -200
-243 -303
-76 310
-285 509
306 45
-568 -145
-1 -226
281 241
521 -390
568 -227
156 -13
463 273
303 -253
-276 102
290 123
128 -210
167 -191
-11 541
-441 411
-557 -321
183 -542
-418 -27
97 476
558 -447
-508 -494
177 -67
-360 -512
319 -524
-572 -340
145 225
-350 203
158 201
-4 550
-3 -582
499 -596
297 -403
-451 12
418 197
-128 518
495 2
513 -36
-116 -533
219 477
243 103
-233 -509
369 486
164 -544
585 -210
583 341
243 -490
447 337
-43 -93
2 -105
-2 -545
-462 -302
423 324
424 1
184 -236
