61 42
50 60 12 7 42 10 26 16 47 43 11 1 23 57 30 58 59 54 27 31 32 5 13 48 56 3 33 15 4 39 41 55 49 21 45 38 44 18 24 53 35 2 
0 0
-492 -405
-269 406
-92 63
-7 273
119 406
213 224
415 413
-529 306
45 -175
535 -9
225 122
221 187
33 -98
451 430
9 150
-124 589
-353 -69
-548 506
355 325
-409 -258
263 -259
591 56
-584 -567
483 439
294 38
163 22
-466 -65
47 -463
349 355
423 417
242 136
414 -362
231 188
-571 47
84 81
192 441
-77 -126
-279 249
-111 583
-425 168
413 -373
291 188
-206 582
-440 237
-68 -208
-132 -243
457 -539
314 401
198 -140
-37 -114
-470 -480
589 -328
-108 -396
-560 575
-303 -62
-185 -153
487 -91
-458 -460
408 249
185 -448
