91 36
19 82 39 32 56 72 69 25 50 49 58 76 16 9 1 73 64 35 66 34 5 89 20 51 53 38 42 31 4 12 2 14 7 88 74 36 
0 0
703 57
-878 -666
-29 841
-429 90
-554 154
211 722
218 -273
537 389
424 -732
-742 -704
-338 862
-252 439
613 739
174 -469
-219 -231
-445 -183
587 622
-87 732
-476 -859
399 -311
-520 -311
710 829
765 790
317 874
-189 -260
369 -378
-114 330
-441 129
893 -6
-112 539
30 -641
774 -276
141 561
844 -352
-645 728
-853 21
768 570
311 -632
-563 -252
498 -606
539 871
347 -644
412 -212
-196 -85
-406 154
853 474
-771 866
767 213
-655 597
-844 14
-374 243
108 -746
174 -754
443 -144
505 412
186 -8
-896 266
721 -832
-99 563
-201 829
-396 -667
545 188
275 -730
19 -407
-546 -207
669 -555
595 -472
-500 -428
-822 644
-771 677
-734 -411
683 882
-287 161
58 391
436 596
357 -868
-363 782
129 51
620 -756
-138 -607
650 -704
-51 -117
-293 595
198 703
-145 327
209 586
572 836
-715 708
-652 -581
-833 -363
