71 56
70 48 19 28 17 30 68 42 45 3 27 41 16 40 2 26 39 10 69 7 35 33 25 65 67 52 15 62 44 59 22 47 9 38 20 51 50 63 13 14 61 66 43 6 53 36 32 12 31 4 21 24 64 34 60 46 
0 0
-631 607
608 554
16 566
-179 -677
-68 -527
-376 -363
-672 269
-272 -371
-595 408
-36 170
373 -343
139 5
534 87
138 413
-407 -603
548 279
-173 -536
-349 184
-327 -227
-545 565
428 519
-138 257
-248 -209
656 211
-272 31
-144 106
-193 -584
632 -599
-572 178
-21 229
278 351
158 -455
486 46
461 -161
623 306
458 -137
508 285
-181 46
331 -45
120 224
95 -445
570 100
362 -533
-209 280
111 -312
-45 -130
-8 -487
-115 -241
151 529
-557 618
306 -91
-281 40
344 -431
-502 -305
-605 -25
301 439
537 -259
-247 296
-253 566
629 672
569 99
-192 -170
290 323
-275 502
67 566
-125 -686
-397 433
331 -233
-38 398
550 -345
