71 35
41 25 29 6 65 60 47 64 8 14 2 22 45 59 70 19 24 40 37 33 42 27 26 38 46 51 5 20 44 61 13 23 3 1 17 
0 0
235 -236
466 465
-429 -648
-89 -637
-618 420
-491 -343
-1 582
-530 73
-657 674
-307 -685
-403 339
-223 78
97 -479
528 199
279 557
-493 -384
-461 -346
134 -479
-684 106
326 -535
252 -82
-219 -221
-497 251
-6 -422
292 532
-78 185
-36 -226
258 -299
156 -183
665 -607
-652 334
297 -154
-654 -533
-325 603
-356 -627
-115 -626
617 -311
-267 -171
486 282
125 -419
699 -504
-682 20
602 407
-83 365
-397 -622
429 139
-121 448
-97 63
286 -29
-525 185
289 368
-496 -31
431 -625
-570 490
47 185
-288 -285
-544 335
-624 -228
-346 -27
-481 367
-129 -157
-439 -257
525 647
-280 -546
-576 330
257 653
429 -179
-643 -281
503 64
-292 365
