101 60
64 28 10 71 84 12 19 48 83 97 88 58 66 60 23 87 99 22 46 61 74 70 29 51 62 4 65 52 25 67 76 13 53 6 98 39 92 75 32 49 86 31 26 9 90 45 33 79 8 44 68 41 82 95 16 34 63 78 37 2 
0 0
48 -962
797 -864
-420 403
-917 723
472 -845
-88 -350
674 -665
-389 679
-608 844
-966 -10
-140 1
698 972
-808 772
329 -194
914 721
340 -208
667 239
48 -580
567 -842
637 764
-239 -944
-53 746
-105 83
750 936
592 336
203 -440
107 -145
959 852
253 -69
-442 128
-155 252
864 -961
259 -542
-899 630
-600 601
314 68
378 624
973 -546
-286 344
131 729
246 284
-893 -2
-182 676
721 823
-306 162
502 -245
370 102
-801 -269
895 -533
449 -576
-75 -129
-927 513
43 -672
-107 -466
749 -860
153 67
977 -183
220 -869
-717 114
-295 323
652 -382
-297 751
-820 513
-224 429
821 -964
844 -87
-166 -749
768 216
-882 -243
-819 558
81 269
554 345
-859 355
-514 -487
473 896
-406 -733
169 -418
-934 6
876 956
-610 -364
939 -418
-198 879
-642 219
-772 832
-287 640
69 -732
395 -101
244 -78
-108 136
-742 435
-484 458
801 -855
-566 -992
-56 919
363 -231
-347 -446
540 668
450 -782
-999 955
348 -706
