51 40
14 37 7 28 13 30 6 5 24 22 48 8 40 44 18 47 16 32 39 12 27 23 4 29 50 15 43 49 36 1 45 2 31 41 9 33 46 20 19 3 
0 0
-108 -414
484 -139
-90 238
-393 428
266 394
-378 372
295 -71
-500 149
-183 -458
-427 -167
-420 -439
-20 459
-113 -153
254 -99
189 -35
159 124
179 -250
-32 -284
-172 322
134 -442
233 399
-118 -293
445 -349
-469 -361
-82 95
-57 -71
-453 -483
-223 336
-323 -358
98 -94
451 491
160 344
-423 -334
247 -399
35 -64
247 -39
462 341
-201 -22
253 314
-398 321
-415 -60
42 -128
-215 -214
263 272
28 473
-199 -476
-230 -168
-436 77
-179 372
-313 -443
