101 40
50 55 49 10 32 38 46 40 80 62 54 16 77 48 100 65 19 5 45 73 71 58 11 41 83 66 91 35 69 51 27 84 99 13 21 85 44 14 47 33 
0 0
-979 923
296 -619
403 -291
790 112
-296 -670
-335 -771
118 52
130 -882
197 11
-203 348
-691 22
-565 -947
-214 -393
-591 18
244 -428
452 889
-223 -296
739 355
-524 834
-335 638
569 -312
541 936
983 -890
-69 -780
780 -374
-51 773
-807 -985
487 -243
-282 -668
-987 -405
-235 -679
-892 -647
-768 329
-600 -200
121 871
-771 -509
-335 -752
395 -785
-887 742
-24 477
-243 513
4 233
-989 230
-710 -264
-721 686
93 770
-948 398
-663 -470
326 -516
-898 138
148 -402
622 200
-54 -180
-690 767
-959 -8
-186 463
-509 -625
965 -475
-247 -42
728 -523
701 408
151 799
841 308
545 845
-854 -770
379 343
-701 646
-740 -678
-169 -528
-918 -927
-989 -729
-629 -89
705 311
-451 794
-442 463
563 930
975 773
201 831
390 -674
-779 229
-28 99
-380 172
1 -469
917 -591
527 605
917 -258
252 798
632 -655
601 -961
-17 247
-282 544
108 -304
749 942
-357 -178
529 559
98 731
-32 -974
113 -425
-128 496
-524 79
