71 49
36 30 32 1 57 20 17 54 34 50 69 24 35 21 40 31 13 23 53 65 63 47 66 8 41 6 67 46 39 59 29 45 14 58 25 19 16 68 27 48 11 4 52 9 33 5 15 51 3 
0 0
319 279
-33 -146
-89 -122
646 442
332 -71
273 -521
136 -664
-342 54
-426 -330
-488 -677
-580 463
-476 -335
-518 -700
-682 405
-173 -25
-597 -546
192 65
649 68
-560 -40
108 41
-155 253
225 270
656 391
644 657
230 -91
487 -583
64 668
596 201
-645 -83
-45 45
144 604
280 446
326 261
-448 -470
606 141
582 295
643 -298
682 460
349 347
260 -65
389 -213
-205 -302
298 392
-375 -330
-390 407
-372 675
320 592
-551 -452
73 -219
260 -280
409 176
-160 -335
32 -368
-695 604
-141 -594
686 278
-468 554
41 562
-494 19
154 -335
-349 610
496 -329
-553 -271
43 -540
471 -695
-324 407
382 28
-124 358
-503 -631
-292 -586
