91 45
88 15 75 80 47 56 30 37 49 85 7 48 33 34 27 89 42 1 24 53 32 61 64 38 66 23 10 5 70 86 58 3 40 41 79 84 72 6 26 28 78 25 22 14 8 
0 0
-541 -228
849 -819
-185 668
-122 -462
-220 -765
887 -888
451 307
274 -597
386 -229
759 522
417 383
557 -643
-290 -550
149 644
-562 67
776 527
129 -868
409 -483
315 -297
-419 831
325 78
-560 273
-323 542
748 317
113 602
726 828
-83 870
499 -333
-715 -427
225 411
638 -209
-269 13
491 -286
-344 -404
35 -733
432 260
-197 -351
-177 -408
-711 621
-251 410
-306 460
704 -412
-679 -360
-393 895
531 55
-480 -819
-382 186
-715 35
-250 882
-73 19
-325 162
-826 886
290 606
-724 522
-309 -363
381 255
-545 37
143 -149
-406 -62
-375 25
785 -293
823 -366
697 266
241 810
-513 -492
451 -771
-635 388
598 535
832 783
636 -148
-16 -240
-352 -416
123 148
257 -548
-834 226
259 752
-613 -468
236 305
-267 -518
125 -246
-627 43
692 662
376 338
-885 605
411 888
-214 -412
877 155
-695 655
-213 -288
254 168
