91 54
50 64 58 14 39 56 37 74 73 55 85 9 25 32 62 19 51 24 86 7 45 57 53 66 6 15 38 63 82 65 4 75 42 61 81 49 10 8 78 76 18 2 44 80 54 13 68 40 31 43 11 90 70 67 
0 0
-702 870
-885 260
489 399
-5 132
-60 -834
-353 575
335 -322
298 168
805 -860
659 -71
-372 -368
-755 -654
-524 -115
725 814
86 178
-40 -169
-788 -85
75 748
-193 -571
566 29
-401 -724
-524 639
-722 -134
567 572
-757 -127
838 -813
494 240
299 -273
-705 216
-453 -826
-584 -32
-799 -816
-661 835
-574 -368
-360 649
-719 -351
749 315
-679 -125
-610 -575
643 -515
521 -595
346 -520
120 590
-568 328
-691 -148
252 171
625 738
608 817
-292 -648
-591 93
733 -581
-616 130
105 344
-400 167
503 -659
-514 -783
-541 -12
-630 221
738 35
-98 768
646 67
195 682
30 -811
776 -435
-297 58
8 427
-859 198
13 428
185 740
-486 210
306 -590
-552 -131
-217 545
761 -787
887 -536
860 526
-623 -430
-763 668
244 -821
-746 282
-712 171
-576 785
788 874
-700 772
-154 -343
-179 611
226 -354
-597 -238
-654 -232
801 217
