51 25
3 21 27 20 5 45 49 15 30 39 26 10 11 14 1 7 29 44 4 28 36 43 31 42 50 
0 0
207 339
-126 236
35 -156
385 -54
-41 -342
-273 -488
-7 -423
-356 -439
-247 -51
113 -269
-170 -403
-260 -371
88 -255
97 376
403 263
203 87
425 266
108 -7
-118 355
-286 -388
72 -324
-410 -194
398 373
440 -467
435 -355
174 -332
-58 -326
363 -8
436 102
-193 -350
-287 -434
-88 -466
-387 -332
241 420
-153 -42
358 38
-417 -62
496 -359
-122 379
-216 289
-19 -387
445 115
428 -405
-406 156
345 147
-477 163
-168 -227
118 26
-164 -401
278 165
