101 50
85 56 70 94 43 33 2 38 17 79 3 24 84 98 32 47 78 9 49 40 7 73 76 57 36 89 29 5 19 72 61 6 26 16 10 22 59 77 11 83 82 81 28 12 90 63 60 97 25 31 
0 0
985 706
464 134
-550 178
-435 96
-543 13
736 -890
679 -889
-104 -341
-155 202
791 388
945 681
-603 428
330 -442
-929 397
-343 -114
493 459
709 -373
120 -904
975 -633
-673 -653
795 821
-68 -281
214 241
244 -378
-736 -171
666 -29
100 -263
331 -830
-752 175
-272 -493
307 534
-217 679
933 246
24 339
-438 -966
916 272
-256 -539
719 -179
28 126
-989 -15
529 -621
555 -408
457 847
823 -148
459 -723
592 -69
890 -281
-900 767
159 654
72 272
-651 -640
-175 837
-23 455
152 -462
395 -190
-68 766
-109 199
-242 -270
100 939
-397 -842
-938 529
246 -399
-323 0
355 381
80 256
-263 -852
-212 887
764 146
-295 401
542 498
-413 74
702 393
987 -740
781 598
-902 173
-640 695
-856 922
-183 -449
-593 552
904 525
527 -920
-821 874
177 97
266 -740
809 713
-985 292
162 -526
-878 -830
-119 916
-551 340
-387 150
-496 638
658 -353
365 398
-641 751
215 480
598 -327
-721 475
-934 -629
412 -883
