91 63
52 39 76 4 71 41 82 44 25 48 80 50 89 47 26 85 15 10 86 83 53 34 19 67 21 45 40 23 43 84 8 37 17 65 87 3 32 30 7 18 66 55 16 2 13 88 33 14 74 78 79 54 35 64 29 36 77 73 90 61 38 6 60 
0 0
-394 395
-900 553
-236 -777
-884 -497
115 35
-833 -536
119 -163
778 -531
-879 -693
-565 -40
414 -313
755 -563
765 -825
555 -107
-737 421
459 -296
807 -389
-844 -691
-363 -467
-66 692
-415 850
440 211
150 -852
-753 -550
-750 -799
517 763
431 898
758 473
-801 -172
-525 320
668 -197
849 406
-430 589
-485 -826
147 439
-585 808
495 -761
36 681
395 -244
627 777
705 677
867 -392
-819 883
-539 -72
-730 97
888 886
434 -808
-70 -666
900 -273
140 -615
783 617
-73 821
782 562
593 -191
-150 586
-568 -876
540 -118
-95 -421
735 519
-253 806
-846 461
-886 -83
139 -134
-682 -706
693 -279
587 -169
207 -430
-761 792
-485 -513
869 383
772 -896
-814 748
-243 -299
-661 -151
369 567
615 -60
-759 -757
-223 -199
696 387
3 -605
-158 -714
211 -564
327 -585
-168 879
-127 422
567 900
0 -263
693 361
152 -72
211 422
