81 56
17 56 78 8 55 74 31 3 59 26 66 33 32 41 76 13 16 73 77 80 12 70 75 38 57 24 45 28 1 14 61 30 47 72 39 35 15 10 42 62 71 2 68 44 4 58 19 48 51 37 40 52 46 60 11 64 
0 0
-76 310
12 -210
328 -593
600 405
-680 295
12 509
108 227
-237 -427
458 -312
-506 -24
-30 284
503 -325
589 -248
-59 54
-763 745
327 -543
539 -377
-364 -222
562 -497
-215 -9
584 -510
630 659
-556 609
381 -142
-681 -14
-238 612
407 -279
764 340
622 277
-297 -15
283 -780
-677 -145
556 219
-57 -630
-174 589
-670 -67
-794 579
52 -356
366 -565
-570 -411
-166 86
-175 268
-648 -555
-98 -261
-323 622
-730 622
-275 -623
602 521
-582 343
284 -177
797 -582
-301 336
260 -212
-49 -349
-741 604
768 636
-101 755
-189 -290
-282 14
-266 766
-436 754
-445 -691
295 355
-375 -536
398 -771
-10 -727
-642 673
229 16
-231 223
362 407
501 -789
-616 -680
-115 -355
492 764
-730 443
353 496
-39 515
-166 -694
-752 83
519 -390
