81 64
35 71 34 80 6 10 24 19 77 31 33 46 26 15 28 62 79 37 39 49 54 9 65 20 38 75 57 53 14 63 17 66 59 69 43 74 56 40 68 45 44 32 72 5 78 13 7 29 22 3 47 55 64 12 50 58 30 1 25 60 48 51 36 41 
0 0
-306 -53
166 740
-476 -548
-695 -322
-632 -758
-692 -361
695 632
-15 -38
-330 -684
-190 787
-106 703
526 -750
306 -269
271 -444
636 -324
794 -722
367 -395
-626 -454
-61 -58
-634 354
164 -208
-386 546
-699 340
419 -333
81 -588
-526 -239
794 -705
334 414
-541 -778
-332 -370
-555 -47
188 427
349 134
-183 -618
-348 799
478 182
-324 379
708 175
-286 -140
263 -344
-646 205
264 474
620 -521
-401 -626
-671 125
-753 365
-91 -7
-671 107
-774 -365
131 321
-14 -465
610 -524
630 641
631 -53
-530 75
155 -117
347 174
410 -709
321 264
144 -197
-749 -33
-4 423
769 -98
-116 276
643 -193
-641 560
-172 492
363 -211
-54 716
99 682
369 -239
-96 658
470 -775
-800 -189
250 -182
-750 -234
500 -607
617 783
-411 66
-102 248
