81 48
58 61 73 8 55 57 56 31 9 64 13 29 32 34 38 7 46 79 5 59 44 52 15 62 28 18 22 67 27 66 76 33 48 12 24 51 78 43 35 37 1 60 75 42 72 70 6 49 
0 0
-722 398
-546 741
-158 -316
-229 151
424 379
468 2
-53 570
-727 -612
292 748
-684 -760
-479 -625
-410 -540
348 -759
-710 585
187 163
155 205
-200 143
226 556
-205 532
-550 -746
-512 164
584 34
-687 -394
-171 -600
229 -796
20 -614
717 456
462 -677
-138 -597
566 383
-97 -240
-361 717
611 211
-148 535
-623 -605
695 82
341 -472
-328 -15
-666 180
368 518
-214 -454
-545 339
348 -35
380 -98
339 -307
22 -358
-296 305
627 -67
-359 -783
-646 -156
88 381
156 631
774 -109
-513 69
706 -263
-88 -14
-448 263
603 -254
-291 -709
145 -176
107 -514
589 -423
-538 40
330 -692
390 -410
181 -710
321 -672
-316 58
-271 313
-498 -690
-249 318
41 721
-253 -471
563 357
-515 231
166 -103
276 -329
-733 -595
-536 -694
-352 39
