51 35
47 28 49 18 5 17 19 6 2 32 36 45 15 22 29 35 44 42 24 37 31 10 20 11 33 41 9 50 40 23 12 39 46 27 7 
0 0
-485 -180
83 -270
-328 -393
485 -151
-233 426
290 -261
360 -432
-310 230
313 -187
414 123
323 344
195 74
-6 309
31 -436
35 -277
92 -36
482 318
333 -192
-74 -256
-275 -286
237 -255
167 242
-218 290
-275 -389
392 145
-450 190
-384 227
300 439
-81 -357
308 121
-415 -365
142 -464
329 -436
494 -266
197 263
342 403
161 331
355 68
-305 73
-290 -124
-490 117
-53 -494
-122 131
-112 -154
-414 -347
-243 -449
37 -470
-471 1
-22 -50
129 470
