101 80
2 1 23 26 43 29 85 88 5 15 35 46 3 37 64 58 68 13 100 14 97 49 21 28 79 95 60 78 52 22 30 38 27 7 40 12 10 18 16 25 84 42 91 56 20 75 24 62 54 71 41 93 65 34 89 55 98 69 32 77 50 51 59 6 11 83 48 36 80 87 57 72 61 8 53 94 82 76 9 4 
0 0
956 -527
-488 -593
714 757
169 -448
179 -453
-938 547
131 -601
-93 -152
465 -504
-313 -159
-392 -756
781 -454
-767 -823
-986 323
182 -622
-282 88
-250 251
595 660
179 -678
-531 857
835 28
211 787
-269 -665
-401 -126
688 -222
892 -146
-606 -707
631 343
-494 737
-521 -673
-366 276
89 481
-558 436
121 -922
18 692
49 439
-798 -337
224 301
-565 -258
509 -488
-392 -802
832 -134
-576 -755
350 373
516 427
-610 -597
-727 921
259 -881
-564 -320
905 802
222 730
-940 593
-75 -518
901 -951
346 36
842 759
-636 -821
-25 -450
-7 903
34 668
-821 -653
-46 -49
819 -79
638 197
-40 64
-989 168
466 -89
138 -405
729 -861
-422 919
763 669
-625 792
-646 -817
957 -130
890 -160
-974 994
-543 233
582 596
721 -713
-806 -886
755 691
-294 -414
-12 91
609 364
282 -227
825 -547
457 315
471 729
-383 -118
791 -920
614 -839
-937 421
-817 -185
-195 -579
-295 -608
-251 936
-934 881
203 -932
977 -1000
723 181
